sem | branch_code | subject_code | credit | duplicate_reg_nos
III | 101 | 100301 | 2.00 | 21101103002,22101127003
III | 101 | 100312 | 2.00 | 21101103002,22101127003
III | 101 | 100399P | 4.00 | 21101103002,22101127003
III | 101 | 101302 | 1.00 | 21101103002,22101127003
III | 101 | 101302P | 1.00 | 21101103002,22101127003
III | 101 | 101303 | 1.00 | 21101103002,22101127003
III | 101 | 101303P | 1.00 | 21101103002,22101127003
III | 101 | 101304 | 4.00 | 21101103002,22101127003
III | 101 | 101305 | 3.00 | 21101103002,22101127003
III | 101 | 101306 | 2.00 | 21101103002,22101127003
III | 101 | 101308 | 2.00 | 21101103002,22101127003
III | 101 | 101308P | 1.00 | 21101103002,22101127003
III | 102 | 100301 | 3.00 | 21102102004,22102102001
III | 102 | 100303 | 4.00 | 21102102004,22102102001
III | 102 | 100309 | 3.00 | 21102102004,22102102001
III | 102 | 100309P | 1.00 | 21102102004,22102102001
III | 102 | 100312 | 4.00 | 21102102004,22102102001
III | 102 | 100399P | 4.00 | 21102102004,22102102001
III | 102 | 102302P | 2.00 | 21102102004,22102102001
III | 102 | 102304 | 4.00 | 21102102004,22102102001
III | 103 | 100302 | 3.00 | 21103106001,22103106006
III | 103 | 100302P | 1.00 | 21103106001,22103106006
III | 103 | 100306 | 4.00 | 21103106001,22103106006
III | 103 | 100306P | 1.00 | 21103106001,22103106006
III | 103 | 100307 | 4.00 | 21103106001,22103106006
III | 103 | 100307P | 1.00 | 21103106001,22103106006
III | 103 | 100308 | 4.00 | 21103106001,22103106006
III | 103 | 100310 | 4.00 | 21103106001,22103106006
III | 103 | 100399P | 4.00 | 21103106001,22103106006
III | 104 | 100313 | 3.00 | 21104102001,22104134040
III | 104 | 100313P | 1.00 | 21104102001,22104134040
III | 104 | 100399P | 4.00 | 21104102001,22104134040
III | 104 | 104301 | 3.00 | 21104102001,22104134040
III | 104 | 104301P | 1.00 | 21104102001,22104134040
III | 104 | 104302 | 3.00 | 21104102001,22104134040
III | 104 | 104302P | 1.00 | 21104102001,22104134040
III | 104 | 104303 | 3.00 | 21104102001,22104134040
III | 104 | 104304 | 4.00 | 21104102001,22104134040
III | 104 | 104305 | 3.00 | 21104102001,22104134040
III | 105 | 100302 | 3.00 | 21105106003,22105102005
III | 105 | 100302P | 2.00 | 21105106003,22105102005
III | 105 | 100304 | 3.00 | 21105106003,22105102005
III | 105 | 100304P | 2.00 | 21105106003,22105102005
III | 105 | 100311 | 2.00 | 21105106003,22105102005
III | 105 | 100313 | 3.00 | 21105106003,22105102005
III | 105 | 100313P | 2.00 | 21105106003,22105102005
III | 105 | 100314 | 3.00 | 21105106003,22105102005
III | 105 | 100399P | 4.00 | 21105106003,22105102005
III | 106 | 100304 | 3.00 | 21106107018,22106107016
III | 106 | 100304P | 2.00 | 21106107018,22106107016
III | 106 | 100305 | 3.00 | 21106107018,22106107016
III | 106 | 100305P | 2.00 | 21106107018,22106107016
III | 106 | 100311 | 3.00 | 21106107018,22106107016
III | 106 | 100313 | 3.00 | 21106107018,22106107016
III | 106 | 100313P | 2.00 | 21106107018,22106107016
III | 106 | 100314 | 3.00 | 21106107018,22106107016
III | 106 | 100399P | 4.00 | 21106107018,22106107016
III | 106 | 106301 | 4.00 | 21106107018,22106107016
III | 107 | 100303 | 4.00 | 21107107005,22107107001
III | 107 | 100309 | 4.00 | 21107107005,22107107001
III | 107 | 100312 | 4.00 | 21107107005,22107107001
III | 107 | 100399P | 4.00 | 21107107005,22107107001
III | 107 | 107301 | 4.00 | 21107107005,22107107001
III | 107 | 107302 | 3.00 | 21107107005,22107107001
IV | 102 | 100408P | 2.00 | 21102102004,22102102001
IV | 102 | 102401 | 4.00 | 21102102004,22102102001
IV | 102 | 102402 | 4.00 | 21102102004,22102102001
IV | 102 | 102403 | 3.00 | 21102102004,22102102001
IV | 102 | 102403P | 1.50 | 21102102004,22102102001
IV | 102 | 102404 | 4.00 | 21102102004,22102102001
IV | 102 | 102405 | 3.00 | 21102102004,22102102001
IV | 102 | 102405P | 1.50 | 21102102004,22102102001
IV | 103 | 100401 | 3.00 | 21103106001,22103106006
IV | 103 | 100403 | 3.00 | 21103106001,22103106006
IV | 103 | 100403P | 1.00 | 21103106001,22103106006
IV | 103 | 103401 | 3.00 | 21103106001,22103106006
IV | 103 | 103401P | 1.00 | 21103106001,22103106006
IV | 103 | 103402 | 3.00 | 21103106001,22103106006
IV | 103 | 103402P | 1.00 | 21103106001,22103106006
IV | 103 | 103403 | 4.00 | 21103106001,22103106006
IV | 103 | 103404 | 3.00 | 21103106001,22103106006
IV | 104 | 100408P | 2.00 | 21104102001,22104134040
IV | 104 | 104401 | 3.00 | 21104102001,22104134040
IV | 104 | 104401P | 1.00 | 21104102001,22104134040
IV | 104 | 104402 | 3.00 | 21104102001,22104134040
IV | 104 | 104402P | 1.00 | 21104102001,22104134040
IV | 104 | 104403 | 4.00 | 21104102001,22104134040
IV | 104 | 104403P | 1.00 | 21104102001,22104134040
IV | 104 | 104404 | 4.00 | 21104102001,22104134040
IV | 104 | 104405 | 3.00 | 21104102001,22104134040
IV | 104 | 104405P | 1.00 | 21104102001,22104134040
IV | 105 | 100403 | 3.00 | 21105106003,22105102005
IV | 105 | 100403P | 2.00 | 21105106003,22105102005
IV | 105 | 100404 | 4.00 | 21105106003,22105102005
IV | 105 | 100407 | 3.00 | 21105106003,22105102005
IV | 105 | 105401 | 3.00 | 21105106003,22105102005
IV | 105 | 105401P | 2.00 | 21105106003,22105102005
IV | 105 | 105402 | 3.00 | 21105106003,22105102005
IV | 105 | 105402P | 2.00 | 21105106003,22105102005
IV | 105 | 105403 | 3.00 | 21105106003,22105102005
IV | 105 | 105403P | 2.00 | 21105106003,22105102005
IV | 106 | 100406 | 4.00 | 21106107018,22106107016
IV | 106 | 100407 | 3.00 | 21106107018,22106107016
IV | 106 | 106401 | 3.00 | 21106107018,22106107016
IV | 106 | 106401P | 2.00 | 21106107018,22106107016
IV | 106 | 106402 | 3.00 | 21106107018,22106107016
IV | 106 | 106402P | 2.00 | 21106107018,22106107016
IV | 106 | 106403 | 3.00 | 21106107018,22106107016
IV | 106 | 106403P | 2.00 | 21106107018,22106107016
IV | 107 | 100408P | 2.00 | 21107107005,22107107001
IV | 107 | 107401 | 3.00 | 21107107005,22107107001
IV | 107 | 107401P | 1.50 | 21107107005,22107107001
IV | 107 | 107402 | 3.00 | 21107107005,22107107001
IV | 107 | 107403 | 3.00 | 21107107005,22107107001
IV | 107 | 107404 | 3.00 | 21107107005,22107107001
IV | 107 | 107405 | 3.00 | 21107107005,22107107001
IV | 107 | 107405P | 1.50 | 21107107005,22107107001
